0
0
0
0
0
0
0
0
0
0
0
0
0
0
0
0
0
0
0
0
0
0
0
0
0
0
0
0
0
0
0
0
0
0
0
0
0
0
2
3
0
1
2
0
6
8
0
12
12
0
11
30
45
0
46
81
0
112
138
156
218
0
265
328
452
0
500
610
758
850
1021
0
1208
1387
1594
1879
2061
0
2186
2437
2703
2923
3180
3600
3843
0
4002
4326
4664
4711
5134
5399
5510
5692
5840
6200
6416
6391
0
6501
6850
6705
7037
6965
7267
7151
7330
7170
7484
7147
7424
7423
7313
7503
7450
7496
7336
7337
7338
7474
7359
7391
7473
14591
7261
7224
7184
7176
7306
7084
7219
7160
7218
7079
7121
6930
6992
13856
6812
6823
6511
6627
6599
6387
6347
6298
12408
6004
6065
5732
5895
5639
5725
10941
5396
5495
5258
5387
5252
10554
5232
5339
5281
5274
5300
10666
5275
5358
5394
5189
10605
5332
5227
5371
5270
10531
5260
5124
5245
10250
5068
5032
5014
5196
9996
4931
4743
4729
9038
4475
4307
8270
3947
3808
3757
6831
3280
3161
3004
5520
2551
2407
4528
2046
1862
1865
3354
1562
1399
2696
1238
1048
1898
831
831
1376
621
541
999
383
383
656
266
214
415
149
156
209
76
130
61
42
56
22
14
28
8
7
2
1
5
1
0
0
0
0
0
0
0
0
0
0
0
0
0
0
