0
0
0
0
0
0
0
0
0
0
0
0
0
0
0
0
0
2
3
1
2
6
8
12
12
11
30
45
46
81
112
138
156
218
265
328
452
500
610
758
850
1021
1208
1387
1594
1879
2061
2186
2437
2703
2923
3180
3600
3843
4002
4326
4664
4711
5134
5399
5510
5692
5840
6200
6416
6391
6501
6850
6705
7037
6965
7267
7151
7330
7170
7484
7147
7424
7423
7313
7503
7450
7496
7336
7337
7338
7474
7359
7391
7473
7386
7205
7261
7224
7184
7176
7306
7084
7219
7160
7218
7079
7121
6930
6992
6971
6885
6812
6823
6511
6627
6599
6387
6347
6298
6311
6097
6004
6065
5732
5895
5639
5725
5473
5468
5396
5495
5258
5387
5252
5260
5294
5232
5339
5281
5274
5300
5384
5282
5275
5358
5394
5189
5216
5389
5332
5227
5371
5270
5319
5212
5260
5124
5245
5217
5033
5068
5032
5014
5196
5005
4991
4931
4743
4729
4514
4524
4475
4307
4205
4065
3947
3808
3757
3479
3352
3280
3161
3004
2826
2694
2551
2407
2307
2221
2046
1862
1865
1712
1642
1562
1399
1332
1364
1238
1048
1013
885
831
831
718
658
621
541
518
481
383
383
360
296
266
214
222
193
149
156
101
108
76
73
57
61
42
33
23
22
14
21
7
8
5
2
2
1
4
1
1
0
0
0
0
0
0
0
0
0
0
0
0
0
0
0
0
0
0
0
