1
0
0
0
0
1
0
2
0
2
4
2
1
7
7
7
14
18
19
30
29
51
73
63
105
124
130
153
188
215
288
317
397
478
550
617
677
818
950
1062
1296
1305
1571
1698
1901
2085
2309
2437
2700
2832
3076
3281
3563
3695
3984
4225
4151
4521
4598
4668
4874
4739
4959
5105
5010
4907
5043
5021
4860
4931
4841
4796
4669
4709
4432
4421
4379
4150
3923
4010
3907
3676
3652
3548
3417
3413
3299
3224
3216
3285
3139
3288
3203
3179
3269
3141
3311
3301
3240
3326
3315
3358
3452
3397
3573
3493
3506
3497
3420
3523
3447
3475
3514
3479
3333
3315
3440
3337
3225
3118
3174
3085
3028
2908
2852
2841
2766
2746
2630
2588
2527
2501
2476
2357
2331
2214
2255
2152
2140
2126
1988
2125
2033
2016
2048
2064
1940
2026
1925
1811
1900
1890
1890
1927
1791
1884
1900
1966
1907
1965
1866
1926
2051
1994
2051
2075
2192
2193
2277
2337
2363
2388
2491
2588
2528
2599
2702
2513
2682
2621
2674
2533
2513
2285
2291
2236
2088
1964
1898
1755
1667
1599
1537
1404
1380
1263
1240
1101
997
967
905
801
788
726
681
632
601
524
541
487
423
418
430
342
302
324
257
218
211
197
175
158
150
106
107
99
99
73
54
59
51
39
37
30
23
14
8
7
17
8
4
9
4
4
2
0
2
1
0
0
2
0
1
0
0
1
