0
0
0
0
0
0
0
0
0
0
0
0
0
0
0
0
1
0
0
1
1
4
6
5
13
14
19
32
54
65
85
107
124
179
252
295
349
444
557
652
759
922
1130
1320
1458
1731
1926
2205
2354
2700
2886
3344
3706
3933
4310
4478
4838
5013
5295
5447
5670
5867
5910
6286
6205
6322
6351
6422
6359
6225
6133
6123
6112
5709
5411
5325
5176
4948
4844
4663
4414
4296
4102
3914
3761
3608
3411
3242
3182
3159
3104
2980
2851
2885
2906
2798
2828
2935
3022
2912
2982
3086
2976
3041
3134
3178
3224
3262
3278
3285
3415
3299
3355
3371
3506
3375
3398
3323
3369
3310
3252
3248
3284
3214
3126
2945
3134
2940
2726
2786
2617
2636
2583
2509
2430
2336
2321
2219
2211
2092
2081
2143
1951
1996
1989
1905
1773
1843
1840
1739
1764
1745
1698
1679
1632
1671
1664
1604
1617
1576
1565
1531
1490
1496
1506
1525
1530
1511
1475
1372
1333
1397
1388
1376
1347
1369
1298
1291
1329
1297
1252
1264
1243
1188
1199
1271
1258
1261
1218
1334
1247
1319
1310
1315
1459
1401
1399
1366
1418
1445
1497
1420
1441
1494
1382
1465
1268
1234
1313
1201
1173
1038
908
996
912
791
713
583
551
515
469
403
351
232
209
205
131
80
92
75
55
45
36
14
13
17
7
5
2
0
0
0
0
0
0
0
0
0
0
0
0
0
0
0
0
0
